.Random.seed <-
c(403L, 10L, -295070645L, 656406010L, -840699652L, -2094521025L, 
-1164420587L, 917614892L, 1614258690L, -653954851L, 522355671L, 
1862745790L, 1987299576L, -2027653413L, -826782407L, -780445560L, 
1947164726L, -75967375L, -630448477L, 304796658L, -1303533756L, 
245458951L, 668337629L, -893091116L, -1384526342L, -1404411579L, 
334423455L, -1547725018L, 1972402096L, 507450451L, -55210127L, 
-978172256L, -478778818L, 1067893065L, 2069921787L, -1301558L, 
-2119287508L, -1852419793L, 2017689573L, 398614172L, -122770702L, 
-1789801619L, 1082471591L, 1696247502L, -118143960L, 1024858155L, 
-1992238519L, -1387596968L, -2087911930L, 1072089057L, -1778150029L, 
-1721041438L, -150556332L, -675004329L, 474942541L, -2094301212L, 
-675000886L, 1102910517L, 1865577103L, -2087834730L, 1369880384L, 
-953902589L, -419020767L, -1164760304L, 81414382L, 555542681L, 
576560427L, 1951159322L, -690698532L, 119582431L, -1138931531L, 
389643852L, -2065898846L, 838003197L, -707943689L, -1514683362L, 
-214085928L, -1489604037L, -1691234343L, 907089256L, -665295722L, 
1037541905L, -2019435581L, -797931566L, 306066020L, 1777586599L, 
-234049795L, -845292812L, 4910554L, -1408687835L, -1775716289L, 
1389868998L, 1116671056L, -1808244621L, 770176145L, 1259095232L, 
-741767522L, -1170703767L, 1106573979L, 1481635754L, 859972556L, 
862207631L, 336518853L, -1078913412L, 1266416338L, 2005405261L, 
844145415L, 1823295214L, -690494520L, -2049682229L, 594414889L, 
1391639928L, -980532570L, 1695343809L, 740996435L, -1803996670L, 
-1080480972L, -112179017L, -749399891L, 68570564L, -680247830L, 
-1511267755L, -1529918481L, 1828334582L, -1767916256L, 903205603L, 
-1014971519L, -1788127760L, -1750799218L, -1811344391L, 890810763L, 
-635671110L, -1591774020L, -932911105L, 908510549L, -1691036052L, 
1434985154L, 830104861L, -80634985L, 230821630L, 1462594744L, 
723025563L, -1856099079L, 1965166152L, 822503798L, -943943503L, 
-844823325L, 972772274L, -532632572L, 1116843847L, -1577867747L, 
-552141676L, -1000248262L, -856717691L, 1679587167L, 1066653670L, 
-588932496L, -10621549L, 110500401L, 484038880L, 1384345982L, 
577565705L, 610415675L, 1638177290L, 1836392940L, -1856309649L, 
-697828955L, -1316716196L, 1405836594L, -2087795667L, 555694823L, 
31666190L, -263650840L, -2135505941L, -256467831L, -971683816L, 
1628469062L, 1039115681L, 1489157171L, 290607522L, 2077344916L, 
727741207L, -532038387L, 2898980L, 865029130L, -1912852107L, 
-378550065L, -1594922026L, -1730485376L, 1888745411L, -506404511L, 
-1540495408L, -1999114450L, 1626608345L, -1684475669L, -432463526L, 
1804127004L, 597442079L, -1860499851L, -674614516L, -1853395230L, 
1861796797L, -1016138697L, -337422626L, -191061480L, -499176069L, 
496100633L, -1857885784L, 1576820054L, -1830216239L, 567383427L, 
-274314222L, -1492523100L, 633872231L, 36461757L, 772668468L, 
-724938854L, -1691317275L, -1274001537L, 1153693446L, 665698448L, 
-1721263821L, -1201344815L, 1229167744L, 600706398L, -1170586967L, 
-412807845L, 1422495594L, 145458700L, -1890157582L, -1324410624L, 
-1565081228L, 1986266120L, -1163755590L, -1483730480L, 249601004L, 
708163988L, 2044592594L, -1159933600L, 375680844L, 268806432L, 
-296806526L, 404344552L, 1538728172L, 1891722300L, -1355056270L, 
-2015672720L, -1651799004L, -1427291336L, 1080933530L, 13552336L, 
-173662020L, 48324244L, 950349442L, 1789409472L, 1764432700L, 
-1273844592L, -1567031774L, 1993146376L, -1283619572L, -985111396L, 
2017107474L, 1238118272L, -1872353772L, 155796008L, 1755041082L, 
-1078894128L, -849257364L, 1375074612L, 147779218L, -1525320864L, 
-536370356L, -742787104L, -424708190L, 149714856L, -1478931060L, 
-2136559428L, -1209503374L, 135851248L, -784453564L, 1947326808L, 
1413848634L, 1451072368L, -1848076228L, -1453361388L, 385637826L, 
1799967456L, 1810706300L, 1129570000L, -169750366L, 366199848L, 
1080116492L, -277557316L, 441872690L, -974736960L, -1954538956L, 
-147016760L, -600338246L, -915994224L, -1958680084L, -1624483244L, 
-1916147566L, 1092929312L, -2104512052L, 476087776L, -852535614L, 
-226993112L, -493282644L, -95808324L, -1833065998L, 1565221168L, 
1283759268L, -1243165000L, -125850278L, 744820112L, 1976171388L, 
1841561876L, -111733950L, -72242432L, 1375311804L, 987826000L, 
521777954L, -722307768L, -897121780L, 639457372L, 153875666L, 
-1108975104L, 304436564L, -585424408L, 980569082L, 70193360L, 
1528597804L, -177192204L, 1801548178L, -1299594144L, -1181479668L, 
1737933536L, 1178472802L, -988054872L, -785784244L, -1839863428L, 
1465883954L, 894353520L, -1138647228L, 1893389784L, -787211142L, 
-1249128912L, -783641924L, 1653380948L, -1230801854L, -1973068384L, 
-1095251268L, -1026829872L, -2135075486L, 62767080L, -841564212L, 
34121468L, 1886976498L, 961933440L, -2106286860L, 1360068232L, 
1413427002L, 137050960L, 2010521196L, -1555318636L, -271455918L, 
-996256032L, 465361612L, -1619644256L, -2079450238L, -140373272L, 
1488089836L, 948882492L, -1977292174L, -364280720L, -1780597212L, 
-736117704L, -1993144294L, 523696848L, -1457861572L, 1187136660L, 
176397442L, -964919360L, -223825604L, 1277155984L, 686253090L, 
-1215659000L, 944834700L, -1882541028L, 1736027794L, -2043526016L, 
1941639188L, 500030760L, -1859572166L, 1513655504L, 375850092L, 
2121081524L, 2063798290L, -1722132512L, -893298740L, 940490208L, 
-212044254L, 615407912L, 1719834892L, -1846835652L, 688681202L, 
-409328912L, 822707012L, -2133863848L, -1116448198L, -274563344L, 
99263676L, 1909855764L, -1085703998L, 1512011872L, -1995811460L, 
-34466608L, -457892830L, 15622824L, -875751540L, -1440222788L, 
-2046430158L, 199587648L, 796039348L, -53998776L, -1048814918L, 
1904760592L, -2114281236L, -1850555308L, -23195886L, 1664424864L, 
-1802539060L, 68422496L, 696111298L, 1576298024L, 202130860L, 
744693564L, 422991730L, 801155888L, -388484572L, -1801463752L, 
656991450L, -1383159408L, -689715460L, 1654329236L, -1793275070L, 
-73195008L, 322099772L, 1375747664L, -2038170974L, -1077732536L, 
1379516940L, 1266212060L, -787117486L, -608065408L, 1979173716L, 
1987161173L, -459251457L, 2064373144L, 1486528182L, 1238458179L, 
-50662779L, -1836026078L, 1880466448L, -898766919L, -1459828629L, 
-1318567076L, 309473930L, 1595862655L, 960569289L, -983518114L, 
1983274764L, 1796742877L, -1397069849L, 1234218000L, -1390427858L, 
-158972453L, 764627645L, 2138894378L, 742721736L, -369472015L, 
493419363L, -1026729116L, -1475980654L, 1881657191L, 66003249L, 
1128811126L, -534217836L, -811176027L, 482279599L, 2092940648L, 
1779694918L, -616391437L, -1406893483L, 997203506L, 711769088L, 
-1766698775L, -834148517L, 1340973484L, -1150516806L, 1072406383L, 
2101444857L, 939447694L, -401422244L, 359197389L, 159895095L, 
198145216L, 553454494L, -699139989L, 1230510061L, 755153498L, 
-460120808L, -672437631L, 1509316659L, -1816199596L, 2135775842L, 
1496722679L, 317593409L, -1697753658L, -16447740L, -1202072907L, 
-166146657L, 435274232L, -226324522L, 1002343011L, -1004867035L, 
2098698690L, -767091024L, 1653139161L, 2003525707L, 1798536892L, 
1993682154L, 36714783L, -1274320471L, 1122750270L, -650143188L, 
541419645L, 37870279L, -157867088L, -1180518962L, 1776731899L, 
1276493149L, -2000308598L, 2076660904L, 1100845073L, -484687613L, 
-891769852L, 404841522L, -93549433L, -188880687L, 466963030L, 
1642074676L, -1658807995L, -2038758513L, -676886776L, -1722928858L, 
-1178857005L, 1912617781L, -151913838L, -1141744032L, -464410679L, 
-60123397L, 1766504652L, 1683157338L, -1321108401L, -1355812583L, 
184388398L, -906783428L, -625503571L, 362884439L, 1501285536L, 
1476372990L, 879031499L, -725540147L, 1816641018L, 599363128L, 
747639777L, -230933357L, 755635892L, -194163774L, 184266711L, 
2053029921L, 1018005478L, 157680356L, -2089363947L, 634269247L, 
714882520L, 1918616566L, -1612039165L, 144592709L, -761877662L, 
-1870498608L, 853893113L, -1303919829L, -1944639332L, -1696913718L, 
1898905535L, -891294967L, -590855138L, 322801100L, 1241032605L, 
-523029977L, 1135337552L, -1599837970L, 1228273051L, 1224129533L, 
